0 4 1000000 0 2998149
0 30 1000000 100 3993134
0 37 1000000 200 6992230
0 0 1000000 300 300
1 13 1000000 400 3000250
1 11 1000000 500 1000499
1 33 1000000 600 2989950
1 37 1000000 700 6994332
2 12 1000000 800 4999466
2 38 1000000 900 3991568
2 3 1000000 1000 2000900
2 23 1000000 1100 2001101
3 1 1000000 1200 3000752
3 28 1000000 1300 5000470
3 1 1000000 1400 3001153
3 17 1000000 1500 3001203
4 34 1000000 1600 3999165
4 17 1000000 1700 2001701
4 37 1000000 1800 6996161
4 28 1000000 1900 5001067
5 5 1000000 2000 2000
5 12 1000000 2100 5001202
5 10 1000000 2200 4001166
5 28 1000000 2300 5001252
6 29 1000000 2400 5001133
6 37 1000000 2500 6997092
6 35 1000000 2600 3002602
6 26 1000000 2700 5001686
7 30 1000000 2800 3998384
7 1 1000000 2900 4002868
7 37 1000000 3000 6997468
7 26 1000000 3100 5002218
8 23 1000000 3200 2003202
8 34 1000000 3300 5002692
8 26 1000000 3400 5003023
8 29 1000000 3500 5001800
9 6 1000000 3600 5003225
9 20 1000000 3700 4003567
9 26 1000000 3800 5003358
9 10 1000000 3900 5003384
10 10 1000000 4000 4000
10 29 1000000 4100 5002701
10 25 1000000 4200 4003935
10 12 1000000 4300 2004302
11 9 1000000 4400 4004236
11 27 1000000 4500 1004500
11 29 1000000 4600 5003034
11 3 1000000 4700 2003900
12 4 1000000 4800 3004253
12 18 1000000 4900 3004650
12 31 1000000 5000 2004902
12 1 1000000 5100 4004298
13 22 1000000 5200 3005099
13 33 1000000 5300 4004599
13 30 1000000 5400 4000983
13 3 1000000 5500 2005202
14 30 1000000 5600 4001050
14 25 1000000 5700 4005197
14 29 1000000 5800 5003334
14 20 1000000 5900 3005353
15 18 1000000 6000 3006003
15 26 1000000 6100 5003673
15 6 1000000 6200 3006136
15 1 1000000 6300 4005601
16 13 1000000 6400 3005550
16 24 1000000 6500 3005002
16 22 1000000 6600 3004600
16 11 1000000 6700 5002845
17 4 1000000 6800 2006703
17 8 1000000 6900 3005803
17 21 1000000 7000 3006452
17 7 1000000 7100 4004398
18 29 1000000 7200 3007201
18 7 1000000 7300 4005350
18 11 1000000 7400 5005043
18 38 1000000 7500 4006104
19 26 1000000 7600 3007305
19 32 1000000 7700 5005405
19 33 1000000 7800 3001852
19 30 1000000 7900 3007705
20 2 1000000 8000 4003097
20 16 1000000 8100 4006566
20 23 1000000 8200 3007354
20 24 1000000 8300 4007565
21 9 1000000 8400 3007202
21 13 1000000 8500 3007363
21 27 1000000 8600 4008457
21 39 1000000 8700 4006315
22 30 1000000 8800 2008804
22 9 1000000 8900 3008205
22 11 1000000 9000 5006638
22 0 1000000 9100 5007840
23 35 1000000 9200 3009207
23 17 1000000 9300 3008405
23 34 1000000 9400 4007398
23 0 1000000 9500 5008238
24 2 1000000 9600 4007536
24 16 1000000 9700 4005933
24 11 1000000 9800 5007044
24 38 1000000 9900 4008705
25 25 1000000 10000 10000
25 25 1000000 10100 10100
25 37 1000000 10200 7000339
25 14 1000000 10300 3010309
26 24 1000000 10400 4009739
26 8 1000000 10500 4010035
26 5 1000000 10600 3009707
26 10 1000000 10700 2010004
27 32 1000000 10800 5008888
27 38 1000000 10900 4010901
27 32 1000000 11000 5008940
27 34 1000000 11100 4011054
28 15 1000000 11200 3010706
28 15 1000000 11300 3010905
28 10 1000000 11400 2011403
28 24 1000000 11500 2011203
29 29 1000000 11600 11600
29 30 1000000 11700 2011701
29 16 1000000 11800 4010327
29 11 1000000 11900 5007568
30 39 1000000 12000 4007418
30 27 1000000 12100 3011855
30 12 1000000 12200 1012200
30 26 1000000 12300 2011854
31 37 1000000 12400 7000701
31 6 1000000 12500 4010172
31 27 1000000 12600 3012359
31 31 1000000 12700 12700
32 22 1000000 12800 4011732
32 30 1000000 12900 4012033
32 21 1000000 13000 2012906
32 7 1000000 13100 4012833
33 15 1000000 13200 4012980
33 19 1000000 13300 4013084
33 14 1000000 13400 4012533
33 39 1000000 13500 4013149
34 19 1000000 13600 3013507
34 11 1000000 13700 3013655
34 9 1000000 13800 4013394
34 4 1000000 13900 2013505
35 9 1000000 14000 4013545
35 1 1000000 14100 3014105
35 38 1000000 14200 4012799
35 16 1000000 14300 2014305
36 9 1000000 14400 6013706
36 1 1000000 14500 6013809
36 33 1000000 14600 6014017
36 38 1000000 14700 2014309
37 31 1000000 14800 2014806
37 1 1000000 14900 6014309
37 9 1000000 15000 6014362
37 22 1000000 15100 2015110
38 28 1000000 15200 3014609
38 21 1000000 15300 2015303
38 8 1000000 15400 3015006
38 17 1000000 15500 6014459
39 27 1000000 15600 3014924
39 27 1000000 15700 3014975
39 8 1000000 15800 3015206
39 10 1000000 15900 2015905
